0.000000e+00 1.617841e-31 
1.000000e-02 2.541041e-46 
2.000000e-02 -2.541041e-46 
3.000000e-02 -1.197316e-60 
4.000000e-02 3.991053e-61 
5.000000e-02 3.134247e-75 
6.000000e-02 -6.268494e-76 
7.000000e-02 -6.891869e-90 
8.000000e-02 9.845527e-91 
9.000000e-02 1.391737e-104 
1.000000e-01 -1.546375e-105 
1.100000e-01 -2.671672e-119 
1.200000e-01 2.428793e-120 
1.300000e-01 4.959177e-134 
1.400000e-01 -3.814752e-135 
1.500000e-01 -8.987384e-149 
1.600000e-01 5.991589e-150 
1.700000e-01 1.599804e-163 
1.800000e-01 -9.410611e-165 
1.900000e-01 -2.808324e-178 
2.000000e-01 1.478065e-179 
2.100000e-01 4.875157e-193 
2.200000e-01 -2.321503e-194 
2.300000e-01 -8.386349e-208 
2.400000e-01 3.646239e-209 
2.500000e-01 1.431729e-222 
2.600000e-01 -5.726917e-224 
2.700000e-01 -2.428625e-237 
2.800000e-01 8.994906e-239 
2.900000e-01 4.097042e-252 
3.000000e-01 -1.412773e-253 
3.100000e-01 -6.878755e-267 
3.200000e-01 2.218953e-268 
3.300000e-01 1.150106e-281 
3.400000e-01 -3.485170e-283 
3.500000e-01 -1.915877e-296 
3.600000e-01 5.473936e-298 
3.700000e-01 3.181099e-311 
3.800000e-01 -8.597564e-313 
3.900000e-01 -0.000000e+00 
4.000000e-01 -0.000000e+00 
4.100000e-01 -0.000000e+00 
4.200000e-01 -0.000000e+00 
4.300000e-01 -0.000000e+00 
4.400000e-01 -0.000000e+00 
4.500000e-01 -0.000000e+00 
4.600000e-01 -0.000000e+00 
4.700000e-01 -0.000000e+00 
4.800000e-01 -0.000000e+00 
4.900000e-01 -0.000000e+00 
5.000000e-01 -0.000000e+00 
5.100000e-01 -0.000000e+00 
5.200000e-01 -0.000000e+00 
5.300000e-01 -0.000000e+00 
5.400000e-01 -0.000000e+00 
5.500000e-01 -0.000000e+00 
5.600000e-01 -0.000000e+00 
5.700000e-01 -0.000000e+00 
5.800000e-01 -0.000000e+00 
5.900000e-01 -0.000000e+00 
6.000000e-01 -0.000000e+00 
6.100000e-01 -0.000000e+00 
6.200000e-01 -0.000000e+00 
6.300000e-01 -0.000000e+00 
6.400000e-01 -0.000000e+00 
6.500000e-01 -0.000000e+00 
6.600000e-01 -0.000000e+00 
6.700000e-01 -0.000000e+00 
6.800000e-01 -0.000000e+00 
6.900000e-01 -0.000000e+00 
7.000000e-01 -0.000000e+00 
7.100000e-01 -0.000000e+00 
7.200000e-01 -0.000000e+00 
7.300000e-01 -0.000000e+00 
7.400000e-01 -0.000000e+00 
7.500000e-01 -0.000000e+00 
7.600000e-01 -0.000000e+00 
7.700000e-01 -0.000000e+00 
7.800000e-01 -0.000000e+00 
7.900000e-01 -0.000000e+00 
8.000000e-01 -0.000000e+00 
8.100000e-01 -0.000000e+00 
8.200000e-01 -0.000000e+00 
8.300000e-01 -0.000000e+00 
8.400000e-01 -0.000000e+00 
8.500000e-01 -0.000000e+00 
8.600000e-01 -0.000000e+00 
8.700000e-01 -0.000000e+00 
8.800000e-01 -0.000000e+00 
8.900000e-01 -0.000000e+00 
9.000000e-01 -0.000000e+00 
9.100000e-01 -0.000000e+00 
9.200000e-01 -0.000000e+00 
9.300000e-01 -0.000000e+00 
9.400000e-01 -0.000000e+00 
9.500000e-01 -0.000000e+00 
9.600000e-01 -0.000000e+00 
9.700000e-01 -0.000000e+00 
9.800000e-01 -0.000000e+00 
9.900000e-01 -0.000000e+00 
1.000000e+00 -0.000000e+00 
1.010000e+00 -0.000000e+00 
1.020000e+00 -0.000000e+00 
1.030000e+00 -0.000000e+00 
1.040000e+00 -0.000000e+00 
1.050000e+00 -0.000000e+00 
1.060000e+00 -0.000000e+00 
1.070000e+00 -0.000000e+00 
1.080000e+00 -0.000000e+00 
1.090000e+00 -0.000000e+00 
1.100000e+00 -0.000000e+00 
1.110000e+00 -0.000000e+00 
1.120000e+00 -0.000000e+00 
1.130000e+00 -0.000000e+00 
1.140000e+00 -0.000000e+00 
1.150000e+00 -0.000000e+00 
1.160000e+00 -0.000000e+00 
1.170000e+00 -0.000000e+00 
1.180000e+00 -0.000000e+00 
1.190000e+00 -0.000000e+00 
1.200000e+00 -0.000000e+00 
1.210000e+00 -0.000000e+00 
1.220000e+00 -0.000000e+00 
1.230000e+00 -0.000000e+00 
1.240000e+00 -0.000000e+00 
1.250000e+00 -0.000000e+00 
1.260000e+00 -0.000000e+00 
1.270000e+00 -0.000000e+00 
1.280000e+00 -0.000000e+00 
1.290000e+00 -0.000000e+00 
1.300000e+00 -0.000000e+00 
1.310000e+00 -0.000000e+00 
1.320000e+00 -0.000000e+00 
1.330000e+00 -0.000000e+00 
1.340000e+00 -0.000000e+00 
1.350000e+00 -0.000000e+00 
1.360000e+00 -0.000000e+00 
1.370000e+00 -0.000000e+00 
1.380000e+00 -0.000000e+00 
1.390000e+00 -0.000000e+00 
1.400000e+00 -0.000000e+00 
1.410000e+00 -0.000000e+00 
1.420000e+00 -0.000000e+00 
1.430000e+00 -0.000000e+00 
1.440000e+00 -0.000000e+00 
1.450000e+00 -0.000000e+00 
1.460000e+00 -0.000000e+00 
1.470000e+00 -0.000000e+00 
1.480000e+00 -0.000000e+00 
1.490000e+00 -0.000000e+00 
1.500000e+00 -0.000000e+00 
1.510000e+00 -0.000000e+00 
1.520000e+00 -0.000000e+00 
1.530000e+00 -0.000000e+00 
1.540000e+00 -0.000000e+00 
1.550000e+00 -0.000000e+00 
1.560000e+00 -0.000000e+00 
1.570000e+00 -0.000000e+00 
1.580000e+00 -0.000000e+00 
1.590000e+00 -0.000000e+00 
1.600000e+00 -0.000000e+00 
1.610000e+00 -0.000000e+00 
1.620000e+00 -0.000000e+00 
1.630000e+00 -0.000000e+00 
1.640000e+00 -0.000000e+00 
1.650000e+00 -0.000000e+00 
1.660000e+00 -0.000000e+00 
1.670000e+00 -0.000000e+00 
1.680000e+00 -0.000000e+00 
1.690000e+00 -0.000000e+00 
1.700000e+00 -0.000000e+00 
1.710000e+00 -0.000000e+00 
1.720000e+00 -0.000000e+00 
1.730000e+00 -0.000000e+00 
1.740000e+00 -0.000000e+00 
1.750000e+00 -0.000000e+00 
1.760000e+00 -0.000000e+00 
1.770000e+00 -0.000000e+00 
1.780000e+00 -0.000000e+00 
1.790000e+00 -0.000000e+00 
1.800000e+00 -0.000000e+00 
1.810000e+00 -0.000000e+00 
1.820000e+00 -0.000000e+00 
1.830000e+00 -0.000000e+00 
1.840000e+00 -0.000000e+00 
1.850000e+00 -0.000000e+00 
1.860000e+00 -0.000000e+00 
1.870000e+00 -0.000000e+00 
1.880000e+00 -0.000000e+00 
1.890000e+00 -0.000000e+00 
1.900000e+00 -0.000000e+00 
1.910000e+00 -0.000000e+00 
1.920000e+00 -0.000000e+00 
1.930000e+00 -0.000000e+00 
1.940000e+00 -0.000000e+00 
1.950000e+00 -0.000000e+00 
1.960000e+00 -0.000000e+00 
1.970000e+00 -0.000000e+00 
1.980000e+00 -0.000000e+00 
1.990000e+00 -0.000000e+00 
2.000000e+00 -0.000000e+00 
2.010000e+00 -0.000000e+00 
2.020000e+00 -0.000000e+00 
2.030000e+00 -0.000000e+00 
2.040000e+00 -0.000000e+00 
2.050000e+00 -0.000000e+00 
2.060000e+00 -0.000000e+00 
2.070000e+00 -0.000000e+00 
2.080000e+00 -0.000000e+00 
2.090000e+00 -0.000000e+00 
2.100000e+00 -0.000000e+00 
2.110000e+00 -0.000000e+00 
2.120000e+00 -0.000000e+00 
2.130000e+00 -0.000000e+00 
2.140000e+00 -0.000000e+00 
2.150000e+00 -0.000000e+00 
2.160000e+00 -0.000000e+00 
2.170000e+00 -0.000000e+00 
2.180000e+00 -0.000000e+00 
2.190000e+00 -0.000000e+00 
2.200000e+00 -0.000000e+00 
2.210000e+00 -0.000000e+00 
2.220000e+00 -0.000000e+00 
2.230000e+00 -0.000000e+00 
2.240000e+00 -0.000000e+00 
2.250000e+00 -0.000000e+00 
2.260000e+00 -0.000000e+00 
2.270000e+00 -0.000000e+00 
2.280000e+00 -0.000000e+00 
2.290000e+00 -0.000000e+00 
2.300000e+00 -0.000000e+00 
2.310000e+00 -0.000000e+00 
2.320000e+00 -0.000000e+00 
2.330000e+00 -0.000000e+00 
2.340000e+00 -0.000000e+00 
2.350000e+00 -0.000000e+00 
2.360000e+00 -0.000000e+00 
2.370000e+00 -0.000000e+00 
2.380000e+00 -0.000000e+00 
2.390000e+00 -0.000000e+00 
2.400000e+00 -0.000000e+00 
2.410000e+00 -0.000000e+00 
2.420000e+00 -0.000000e+00 
2.430000e+00 -0.000000e+00 
2.440000e+00 -0.000000e+00 
2.450000e+00 -0.000000e+00 
2.460000e+00 -0.000000e+00 
2.470000e+00 -0.000000e+00 
2.480000e+00 -0.000000e+00 
2.490000e+00 -0.000000e+00 
2.500000e+00 -0.000000e+00 
2.510000e+00 -0.000000e+00 
2.520000e+00 -0.000000e+00 
2.530000e+00 -0.000000e+00 
2.540000e+00 -0.000000e+00 
2.550000e+00 -0.000000e+00 
2.560000e+00 -0.000000e+00 
2.570000e+00 -0.000000e+00 
2.580000e+00 -0.000000e+00 
2.590000e+00 -0.000000e+00 
2.600000e+00 -0.000000e+00 
2.610000e+00 -0.000000e+00 
2.620000e+00 -0.000000e+00 
2.630000e+00 -0.000000e+00 
2.640000e+00 -0.000000e+00 
2.650000e+00 -0.000000e+00 
2.660000e+00 -0.000000e+00 
2.670000e+00 -0.000000e+00 
2.680000e+00 -0.000000e+00 
2.690000e+00 -0.000000e+00 
2.700000e+00 -0.000000e+00 
2.710000e+00 -0.000000e+00 
2.720000e+00 -0.000000e+00 
2.730000e+00 -0.000000e+00 
2.740000e+00 -0.000000e+00 
2.750000e+00 -0.000000e+00 
2.760000e+00 -0.000000e+00 
2.770000e+00 -0.000000e+00 
2.780000e+00 -0.000000e+00 
2.790000e+00 -0.000000e+00 
2.800000e+00 -0.000000e+00 
2.810000e+00 -0.000000e+00 
2.820000e+00 -0.000000e+00 
2.830000e+00 -0.000000e+00 
2.840000e+00 -0.000000e+00 
2.850000e+00 -0.000000e+00 
2.860000e+00 -0.000000e+00 
2.870000e+00 -0.000000e+00 
2.880000e+00 -0.000000e+00 
2.890000e+00 -0.000000e+00 
2.900000e+00 -0.000000e+00 
2.910000e+00 -0.000000e+00 
2.920000e+00 -0.000000e+00 
2.930000e+00 -0.000000e+00 
2.940000e+00 -0.000000e+00 
2.950000e+00 -0.000000e+00 
2.960000e+00 -0.000000e+00 
2.970000e+00 -0.000000e+00 
2.980000e+00 -0.000000e+00 
2.990000e+00 -0.000000e+00 
3.000000e+00 -0.000000e+00 

0.000000e+00 2.660272e-11 
1.000000e-02 3.316813e-11 
2.000000e-02 4.388312e-11 
3.000000e-02 5.650236e-11 
4.000000e-02 7.278800e-11 
5.000000e-02 9.387691e-11 
6.000000e-02 1.212470e-10 
7.000000e-02 1.566605e-10 
8.000000e-02 2.024194e-10 
9.000000e-02 2.616787e-10 
1.000000e-01 3.384173e-10 
1.100000e-01 4.377227e-10 
1.200000e-01 5.662173e-10 
1.300000e-01 7.325696e-10 
1.400000e-01 9.478924e-10 
1.500000e-01 1.226567e-09 
1.600000e-01 1.587239e-09 
1.700000e-01 2.054065e-09 
1.800000e-01 2.658311e-09 
1.900000e-01 3.440306e-09 
2.000000e-01 4.452488e-09 
2.100000e-01 5.762615e-09 
2.200000e-01 7.458226e-09 
2.300000e-01 9.652894e-09 
2.400000e-01 1.249342e-08 
2.500000e-01 1.616991e-08 
2.600000e-01 2.092835e-08 
2.700000e-01 2.708728e-08 
2.800000e-01 3.505872e-08 
2.900000e-01 4.537614e-08 
3.000000e-01 5.872997e-08 
3.100000e-01 7.601392e-08 
3.200000e-01 9.838436e-08 
3.300000e-01 1.273385e-07 
3.400000e-01 1.648137e-07 
3.500000e-01 2.133179e-07 
3.600000e-01 2.760969e-07 
3.700000e-01 3.573515e-07 
3.800000e-01 4.625193e-07 
3.900000e-01 5.986379e-07 
4.000000e-01 7.748160e-07 
4.100000e-01 1.002843e-06 
4.200000e-01 1.297978e-06 
4.300000e-01 1.708007e-06 
4.400000e-01 2.672562e-06 
4.500000e-01 3.846091e-06 
4.600000e-01 5.225385e-06 
4.700000e-01 6.807181e-06 
4.800000e-01 8.588188e-06 
4.900000e-01 1.056511e-05 
5.000000e-01 1.273466e-05 
5.100000e-01 1.509360e-05 
5.200000e-01 1.763872e-05 
5.300000e-01 2.036684e-05 
5.400000e-01 2.327487e-05 
5.500000e-01 2.635975e-05 
5.600000e-01 2.961849e-05 
5.700000e-01 3.304816e-05 
5.800000e-01 3.664588e-05 
5.900000e-01 4.040885e-05 
6.000000e-01 4.433432e-05 
6.100000e-01 4.841959e-05 
6.200000e-01 5.266203e-05 
6.300000e-01 5.705908e-05 
6.400000e-01 6.160819e-05 
6.500000e-01 6.630692e-05 
6.600000e-01 7.115284e-05 
6.700000e-01 7.614360e-05 
6.800000e-01 8.127689e-05 
6.900000e-01 8.655043e-05 
7.000000e-01 9.196203e-05 
7.100000e-01 9.750950e-05 
7.200000e-01 1.031907e-04 
7.300000e-01 1.090036e-04 
7.400000e-01 1.149462e-04 
7.500000e-01 1.210164e-04 
7.600000e-01 1.272122e-04 
7.700000e-01 1.335319e-04 
7.800000e-01 1.399734e-04 
7.900000e-01 1.465350e-04 
8.000000e-01 1.532148e-04 
8.100000e-01 1.600111e-04 
8.200000e-01 1.669221e-04 
8.300000e-01 1.739461e-04 
8.400000e-01 1.810815e-04 
8.500000e-01 1.883266e-04 
8.600000e-01 1.956799e-04 
8.700000e-01 2.031396e-04 
8.800000e-01 2.107043e-04 
8.900000e-01 2.183725e-04 
9.000000e-01 2.261425e-04 
9.100000e-01 2.340131e-04 
9.200000e-01 2.419827e-04 
9.300000e-01 2.500500e-04 
9.400000e-01 2.582134e-04 
9.500000e-01 2.664717e-04 
9.600000e-01 2.748235e-04 
9.700000e-01 2.832674e-04 
9.800000e-01 2.918023e-04 
9.900000e-01 3.004267e-04 
1.000000e+00 3.091394e-04 
1.010000e+00 3.179393e-04 
1.020000e+00 3.268250e-04 
1.030000e+00 3.357954e-04 
1.040000e+00 3.448493e-04 
1.050000e+00 3.539855e-04 
1.060000e+00 3.632029e-04 
1.070000e+00 3.725003e-04 
1.080000e+00 3.818767e-04 
1.090000e+00 3.913309e-04 
1.100000e+00 4.008620e-04 
1.110000e+00 4.104687e-04 
1.120000e+00 4.201501e-04 
1.130000e+00 4.299051e-04 
1.140000e+00 4.397328e-04 
1.150000e+00 4.496321e-04 
1.160000e+00 4.596020e-04 
1.170000e+00 4.696416e-04 
1.180000e+00 4.797498e-04 
1.190000e+00 4.899259e-04 
1.200000e+00 5.001687e-04 
1.210000e+00 5.104774e-04 
1.220000e+00 5.208511e-04 
1.230000e+00 5.312889e-04 
1.240000e+00 5.417899e-04 
1.250000e+00 5.523532e-04 
1.260000e+00 5.629780e-04 
1.270000e+00 5.736633e-04 
1.280000e+00 5.844084e-04 
1.290000e+00 5.952124e-04 
1.300000e+00 6.060744e-04 
1.310000e+00 6.169938e-04 
1.320000e+00 6.279695e-04 
1.330000e+00 6.390009e-04 
1.340000e+00 6.500872e-04 
1.350000e+00 6.612275e-04 
1.360000e+00 6.724210e-04 
1.370000e+00 6.836671e-04 
1.380000e+00 6.949649e-04 
1.390000e+00 7.063137e-04 
1.400000e+00 7.177128e-04 
1.410000e+00 7.291612e-04 
1.420000e+00 7.406584e-04 
1.430000e+00 7.522036e-04 
1.440000e+00 7.637961e-04 
1.450000e+00 7.754350e-04 
1.460000e+00 7.871197e-04 
1.470000e+00 7.988495e-04 
1.480000e+00 8.106236e-04 
1.490000e+00 8.224414e-04 
1.500000e+00 8.343020e-04 
1.510000e+00 8.462048e-04 
1.520000e+00 8.581490e-04 
1.530000e+00 8.701339e-04 
1.540000e+00 8.821589e-04 
1.550000e+00 8.942231e-04 
1.560000e+00 9.063259e-04 
1.570000e+00 9.184664e-04 
1.580000e+00 9.306440e-04 
1.590000e+00 9.428580e-04 
1.600000e+00 9.551075e-04 
1.610000e+00 9.673918e-04 
1.620000e+00 9.797101e-04 
1.630000e+00 9.920616e-04 
1.640000e+00 1.004446e-03 
1.650000e+00 1.016861e-03 
1.660000e+00 1.029308e-03 
1.670000e+00 1.041784e-03 
1.680000e+00 1.054289e-03 
1.690000e+00 1.066823e-03 
1.700000e+00 1.079383e-03 
1.710000e+00 1.091970e-03 
1.720000e+00 1.104582e-03 
1.730000e+00 1.117218e-03 
1.740000e+00 1.129876e-03 
1.750000e+00 1.142557e-03 
1.760000e+00 1.155258e-03 
1.770000e+00 1.167978e-03 
1.780000e+00 1.180715e-03 
1.790000e+00 1.193468e-03 
1.800000e+00 1.206235e-03 
1.810000e+00 1.219014e-03 
1.820000e+00 1.231803e-03 
1.830000e+00 1.244599e-03 
1.840000e+00 1.257399e-03 
1.850000e+00 1.270200e-03 
1.860000e+00 1.282998e-03 
1.870000e+00 1.295787e-03 
1.880000e+00 1.308563e-03 
1.890000e+00 1.321316e-03 
1.900000e+00 1.334042e-03 
1.910000e+00 1.346744e-03 
1.920000e+00 1.359420e-03 
1.930000e+00 1.372072e-03 
1.940000e+00 1.384698e-03 
1.950000e+00 1.397300e-03 
1.960000e+00 1.409877e-03 
1.970000e+00 1.422429e-03 
1.980000e+00 1.434957e-03 
1.990000e+00 1.447461e-03 
2.000000e+00 1.459940e-03 
2.010000e+00 1.472394e-03 
2.020000e+00 1.484824e-03 
2.030000e+00 1.497231e-03 
2.040000e+00 1.509612e-03 
2.050000e+00 1.521970e-03 
2.060000e+00 1.534304e-03 
2.070000e+00 1.546614e-03 
2.080000e+00 1.558900e-03 
2.090000e+00 1.571162e-03 
2.100000e+00 1.583401e-03 
2.110000e+00 1.595616e-03 
2.120000e+00 1.607807e-03 
2.130000e+00 1.619975e-03 
2.140000e+00 1.632119e-03 
2.150000e+00 1.644240e-03 
2.160000e+00 1.656338e-03 
2.170000e+00 1.668412e-03 
2.180000e+00 1.680464e-03 
2.190000e+00 1.692492e-03 
2.200000e+00 1.704497e-03 
2.210000e+00 1.716479e-03 
2.220000e+00 1.728438e-03 
2.230000e+00 1.740374e-03 
2.240000e+00 1.752288e-03 
2.250000e+00 1.764179e-03 
2.260000e+00 1.776047e-03 
2.270000e+00 1.787893e-03 
2.280000e+00 1.799716e-03 
2.290000e+00 1.811516e-03 
2.300000e+00 1.823294e-03 
2.310000e+00 1.835050e-03 
2.320000e+00 1.846784e-03 
2.330000e+00 1.858495e-03 
2.340000e+00 1.870184e-03 
2.350000e+00 1.881852e-03 
2.360000e+00 1.893497e-03 
2.370000e+00 1.905120e-03 
2.380000e+00 1.916721e-03 
2.390000e+00 1.928301e-03 
2.400000e+00 1.939858e-03 
2.410000e+00 1.951394e-03 
2.420000e+00 1.962909e-03 
2.430000e+00 1.974401e-03 
2.440000e+00 1.985873e-03 
2.450000e+00 1.997322e-03 
2.460000e+00 2.008751e-03 
2.470000e+00 2.020158e-03 
2.480000e+00 2.031544e-03 
2.490000e+00 2.042908e-03 
2.500000e+00 2.054251e-03 
2.510000e+00 2.065574e-03 
2.520000e+00 2.076875e-03 
2.530000e+00 2.088155e-03 
2.540000e+00 2.099414e-03 
2.550000e+00 2.110652e-03 
2.560000e+00 2.121870e-03 
2.570000e+00 2.133067e-03 
2.580000e+00 2.144243e-03 
2.590000e+00 2.155398e-03 
2.600000e+00 2.166533e-03 
2.610000e+00 2.177648e-03 
2.620000e+00 2.188741e-03 
2.630000e+00 2.199815e-03 
2.640000e+00 2.210868e-03 
2.650000e+00 2.221901e-03 
2.660000e+00 2.232913e-03 
2.670000e+00 2.243906e-03 
2.680000e+00 2.254878e-03 
2.690000e+00 2.265830e-03 
2.700000e+00 2.276762e-03 
2.710000e+00 2.287674e-03 
2.720000e+00 2.298566e-03 
2.730000e+00 2.309439e-03 
2.740000e+00 2.320291e-03 
2.750000e+00 2.331124e-03 
2.760000e+00 2.341937e-03 
2.770000e+00 2.352731e-03 
2.780000e+00 2.363505e-03 
2.790000e+00 2.374259e-03 
2.800000e+00 2.384994e-03 
2.810000e+00 2.395709e-03 
2.820000e+00 2.406405e-03 
2.830000e+00 2.417082e-03 
2.840000e+00 2.427739e-03 
2.850000e+00 2.438377e-03 
2.860000e+00 2.448996e-03 
2.870000e+00 2.459596e-03 
2.880000e+00 2.470177e-03 
2.890000e+00 2.480739e-03 
2.900000e+00 2.491282e-03 
2.910000e+00 2.501806e-03 
2.920000e+00 2.512311e-03 
2.930000e+00 2.522797e-03 
2.940000e+00 2.533264e-03 
2.950000e+00 2.543713e-03 
2.960000e+00 2.554143e-03 
2.970000e+00 2.564555e-03 
2.980000e+00 2.574948e-03 
2.990000e+00 2.585322e-03 
3.000000e+00 2.595678e-03 

0.000000e+00 2.779643e-11 
1.000000e-02 3.450396e-11 
2.000000e-02 4.513367e-11 
3.000000e-02 5.798029e-11 
4.000000e-02 7.440804e-11 
5.000000e-02 9.561063e-11 
6.000000e-02 1.231797e-10 
7.000000e-02 1.588774e-10 
8.000000e-02 2.050342e-10 
9.000000e-02 2.648335e-10 
1.000000e-01 3.421405e-10 
1.100000e-01 4.422418e-10 
1.200000e-01 5.719016e-10 
1.300000e-01 7.395897e-10 
1.400000e-01 9.566179e-10 
1.500000e-01 1.237595e-09 
1.600000e-01 1.601222e-09 
1.700000e-01 2.071829e-09 
1.800000e-01 2.680906e-09 
1.900000e-01 3.469381e-09 
2.000000e-01 4.489777e-09 
2.100000e-01 5.810534e-09 
2.200000e-01 7.519873e-09 
2.300000e-01 9.732389e-09 
2.400000e-01 1.259616e-08 
2.500000e-01 1.630252e-08 
2.600000e-01 2.109971e-08 
2.700000e-01 2.730872e-08 
2.800000e-01 3.534507e-08 
2.900000e-01 4.574645e-08 
3.000000e-01 5.920896e-08 
3.100000e-01 7.663346e-08 
3.200000e-01 9.918602e-08 
3.300000e-01 1.283759e-07 
3.400000e-01 1.661562e-07 
3.500000e-01 2.150551e-07 
3.600000e-01 2.783450e-07 
3.700000e-01 3.602611e-07 
3.800000e-01 4.662848e-07 
3.900000e-01 6.035112e-07 
4.000000e-01 7.811233e-07 
4.100000e-01 1.011006e-06 
4.200000e-01 1.308543e-06 
4.300000e-01 1.722102e-06 
4.400000e-01 2.698830e-06 
4.500000e-01 3.889125e-06 
4.600000e-01 5.289950e-06 
4.700000e-01 6.898099e-06 
4.800000e-01 8.710266e-06 
4.900000e-01 1.072311e-05 
5.000000e-01 1.293329e-05 
5.100000e-01 1.533748e-05 
5.200000e-01 1.793239e-05 
5.300000e-01 2.071482e-05 
5.400000e-01 2.368157e-05 
5.500000e-01 2.682954e-05 
5.600000e-01 3.015570e-05 
5.700000e-01 3.365705e-05 
5.800000e-01 3.733069e-05 
5.900000e-01 4.117377e-05 
6.000000e-01 4.518349e-05 
6.100000e-01 4.935713e-05 
6.200000e-01 5.369204e-05 
6.300000e-01 5.818559e-05 
6.400000e-01 6.283526e-05 
6.500000e-01 6.763854e-05 
6.600000e-01 7.259301e-05 
6.700000e-01 7.769627e-05 
6.800000e-01 8.294601e-05 
6.900000e-01 8.833993e-05 
7.000000e-01 9.387581e-05 
7.100000e-01 9.955147e-05 
7.200000e-01 1.053648e-04 
7.300000e-01 1.113136e-04 
7.400000e-01 1.173959e-04 
7.500000e-01 1.236098e-04 
7.600000e-01 1.299531e-04 
7.700000e-01 1.364240e-04 
7.800000e-01 1.430207e-04 
7.900000e-01 1.497412e-04 
8.000000e-01 1.565838e-04 
8.100000e-01 1.635466e-04 
8.200000e-01 1.706280e-04 
8.300000e-01 1.778262e-04 
8.400000e-01 1.851396e-04 
8.500000e-01 1.925664e-04 
8.600000e-01 2.001052e-04 
8.700000e-01 2.077543e-04 
8.800000e-01 2.155122e-04 
8.900000e-01 2.233773e-04 
9.000000e-01 2.313481e-04 
9.100000e-01 2.394233e-04 
9.200000e-01 2.476013e-04 
9.300000e-01 2.558807e-04 
9.400000e-01 2.642602e-04 
9.500000e-01 2.727384e-04 
9.600000e-01 2.813139e-04 
9.700000e-01 2.899854e-04 
9.800000e-01 2.987517e-04 
9.900000e-01 3.076115e-04 
1.000000e+00 3.165635e-04 
1.010000e+00 3.256065e-04 
1.020000e+00 3.347393e-04 
1.030000e+00 3.439607e-04 
1.040000e+00 3.532695e-04 
1.050000e+00 3.626646e-04 
1.060000e+00 3.721450e-04 
1.070000e+00 3.817093e-04 
1.080000e+00 3.913567e-04 
1.090000e+00 4.010860e-04 
1.100000e+00 4.108961e-04 
1.110000e+00 4.207861e-04 
1.120000e+00 4.307548e-04 
1.130000e+00 4.408014e-04 
1.140000e+00 4.509247e-04 
1.150000e+00 4.611239e-04 
1.160000e+00 4.713980e-04 
1.170000e+00 4.817460e-04 
1.180000e+00 4.921671e-04 
1.190000e+00 5.026602e-04 
1.200000e+00 5.132246e-04 
1.210000e+00 5.238592e-04 
1.220000e+00 5.345634e-04 
1.230000e+00 5.453361e-04 
1.240000e+00 5.561766e-04 
1.250000e+00 5.670839e-04 
1.260000e+00 5.780574e-04 
1.270000e+00 5.890962e-04 
1.280000e+00 6.001995e-04 
1.290000e+00 6.113665e-04 
1.300000e+00 6.225964e-04 
1.310000e+00 6.338885e-04 
1.320000e+00 6.452420e-04 
1.330000e+00 6.566563e-04 
1.340000e+00 6.681305e-04 
1.350000e+00 6.796639e-04 
1.360000e+00 6.912559e-04 
1.370000e+00 7.029058e-04 
1.380000e+00 7.146128e-04 
1.390000e+00 7.263763e-04 
1.400000e+00 7.381956e-04 
1.410000e+00 7.500700e-04 
1.420000e+00 7.619990e-04 
1.430000e+00 7.739818e-04 
1.440000e+00 7.860178e-04 
1.450000e+00 7.981065e-04 
1.460000e+00 8.102472e-04 
1.470000e+00 8.224392e-04 
1.480000e+00 8.346821e-04 
1.490000e+00 8.469751e-04 
1.500000e+00 8.593178e-04 
1.510000e+00 8.717096e-04 
1.520000e+00 8.841498e-04 
1.530000e+00 8.966379e-04 
1.540000e+00 9.091734e-04 
1.550000e+00 9.217558e-04 
1.560000e+00 9.343844e-04 
1.570000e+00 9.470588e-04 
1.580000e+00 9.597785e-04 
1.590000e+00 9.725428e-04 
1.600000e+00 9.853514e-04 
1.610000e+00 9.982038e-04 
1.620000e+00 1.011099e-03 
1.630000e+00 1.024038e-03 
1.640000e+00 1.037018e-03 
1.650000e+00 1.050040e-03 
1.660000e+00 1.063104e-03 
1.670000e+00 1.076208e-03 
1.680000e+00 1.089353e-03 
1.690000e+00 1.102538e-03 
1.700000e+00 1.115762e-03 
1.710000e+00 1.129025e-03 
1.720000e+00 1.142327e-03 
1.730000e+00 1.155667e-03 
1.740000e+00 1.169045e-03 
1.750000e+00 1.182460e-03 
1.760000e+00 1.195912e-03 
1.770000e+00 1.209400e-03 
1.780000e+00 1.222925e-03 
1.790000e+00 1.236485e-03 
1.800000e+00 1.250080e-03 
1.810000e+00 1.263711e-03 
1.820000e+00 1.277376e-03 
1.830000e+00 1.291075e-03 
1.840000e+00 1.304807e-03 
1.850000e+00 1.318574e-03 
1.860000e+00 1.332373e-03 
1.870000e+00 1.346205e-03 
1.880000e+00 1.360069e-03 
1.890000e+00 1.373965e-03 
1.900000e+00 1.387892e-03 
1.910000e+00 1.401851e-03 
1.920000e+00 1.415841e-03 
1.930000e+00 1.429861e-03 
1.940000e+00 1.443912e-03 
1.950000e+00 1.457992e-03 
1.960000e+00 1.472102e-03 
1.970000e+00 1.486242e-03 
1.980000e+00 1.500410e-03 
1.990000e+00 1.514606e-03 
2.000000e+00 1.528831e-03 
2.010000e+00 1.543084e-03 
2.020000e+00 1.557365e-03 
2.030000e+00 1.571673e-03 
2.040000e+00 1.586008e-03 
2.050000e+00 1.600370e-03 
2.060000e+00 1.614759e-03 
2.070000e+00 1.629173e-03 
2.080000e+00 1.643614e-03 
2.090000e+00 1.658080e-03 
2.100000e+00 1.672571e-03 
2.110000e+00 1.687088e-03 
2.120000e+00 1.701629e-03 
2.130000e+00 1.716195e-03 
2.140000e+00 1.730785e-03 
2.150000e+00 1.745399e-03 
2.160000e+00 1.760037e-03 
2.170000e+00 1.774698e-03 
2.180000e+00 1.789382e-03 
2.190000e+00 1.804090e-03 
2.200000e+00 1.818820e-03 
2.210000e+00 1.833572e-03 
2.220000e+00 1.848347e-03 
2.230000e+00 1.863144e-03 
2.240000e+00 1.877962e-03 
2.250000e+00 1.892802e-03 
2.260000e+00 1.907663e-03 
2.270000e+00 1.922545e-03 
2.280000e+00 1.937448e-03 
2.290000e+00 1.952372e-03 
2.300000e+00 1.967315e-03 
2.310000e+00 1.982279e-03 
2.320000e+00 1.997263e-03 
2.330000e+00 2.012266e-03 
2.340000e+00 2.027289e-03 
2.350000e+00 2.042331e-03 
2.360000e+00 2.057392e-03 
2.370000e+00 2.072472e-03 
2.380000e+00 2.087570e-03 
2.390000e+00 2.102687e-03 
2.400000e+00 2.117822e-03 
2.410000e+00 2.132975e-03 
2.420000e+00 2.148146e-03 
2.430000e+00 2.163334e-03 
2.440000e+00 2.178539e-03 
2.450000e+00 2.193762e-03 
2.460000e+00 2.209002e-03 
2.470000e+00 2.224258e-03 
2.480000e+00 2.239531e-03 
2.490000e+00 2.254821e-03 
2.500000e+00 2.270126e-03 
2.510000e+00 2.285448e-03 
2.520000e+00 2.300785e-03 
2.530000e+00 2.316138e-03 
2.540000e+00 2.331507e-03 
2.550000e+00 2.346891e-03 
2.560000e+00 2.362290e-03 
2.570000e+00 2.377704e-03 
2.580000e+00 2.393132e-03 
2.590000e+00 2.408575e-03 
2.600000e+00 2.424033e-03 
2.610000e+00 2.439505e-03 
2.620000e+00 2.454991e-03 
2.630000e+00 2.470491e-03 
2.640000e+00 2.486004e-03 
2.650000e+00 2.501531e-03 
2.660000e+00 2.517072e-03 
2.670000e+00 2.532625e-03 
2.680000e+00 2.548192e-03 
2.690000e+00 2.563772e-03 
2.700000e+00 2.579364e-03 
2.710000e+00 2.594969e-03 
2.720000e+00 2.610587e-03 
2.730000e+00 2.626217e-03 
2.740000e+00 2.641859e-03 
2.750000e+00 2.657512e-03 
2.760000e+00 2.673178e-03 
2.770000e+00 2.688855e-03 
2.780000e+00 2.704544e-03 
2.790000e+00 2.720245e-03 
2.800000e+00 2.735956e-03 
2.810000e+00 2.751678e-03 
2.820000e+00 2.767412e-03 
2.830000e+00 2.783156e-03 
2.840000e+00 2.798911e-03 
2.850000e+00 2.814676e-03 
2.860000e+00 2.830452e-03 
2.870000e+00 2.846238e-03 
2.880000e+00 2.862034e-03 
2.890000e+00 2.877840e-03 
2.900000e+00 2.893655e-03 
2.910000e+00 2.909480e-03 
2.920000e+00 2.925315e-03 
2.930000e+00 2.941159e-03 
2.940000e+00 2.957013e-03 
2.950000e+00 2.972875e-03 
2.960000e+00 2.988747e-03 
2.970000e+00 3.004627e-03 
2.980000e+00 3.020516e-03 
2.990000e+00 3.036413e-03 
3.000000e+00 3.052319e-03 

0.000000e+00 2.899014e-11 
1.000000e-02 3.569767e-11 
2.000000e-02 4.649792e-11 
3.000000e-02 5.923084e-11 
4.000000e-02 7.594281e-11 
5.000000e-02 9.720225e-11 
6.000000e-02 1.251692e-10 
7.000000e-02 1.613216e-10 
8.000000e-02 2.075922e-10 
9.000000e-02 2.677325e-10 
1.000000e-01 3.457217e-10 
1.100000e-01 4.467893e-10 
1.200000e-01 5.773018e-10 
1.300000e-01 7.463541e-10 
1.400000e-01 9.649739e-10 
1.500000e-01 1.248054e-09 
1.600000e-01 1.614580e-09 
1.700000e-01 2.088996e-09 
1.800000e-01 2.702677e-09 
1.900000e-01 3.497007e-09 
2.000000e-01 4.525532e-09 
2.100000e-01 5.856464e-09 
2.200000e-01 7.579388e-09 
2.300000e-01 9.808900e-09 
2.400000e-01 1.269495e-08 
2.500000e-01 1.643002e-08 
2.600000e-01 2.126433e-08 
2.700000e-01 2.752154e-08 
2.800000e-01 3.562025e-08 
2.900000e-01 4.610240e-08 
3.000000e-01 5.966922e-08 
3.100000e-01 7.722906e-08 
3.200000e-01 9.995665e-08 
3.300000e-01 1.293727e-07 
3.400000e-01 1.674463e-07 
3.500000e-01 2.167246e-07 
3.600000e-01 2.805054e-07 
3.700000e-01 3.630570e-07 
3.800000e-01 4.699034e-07 
3.900000e-01 6.081946e-07 
4.000000e-01 7.871845e-07 
4.100000e-01 1.018851e-06 
4.200000e-01 1.318697e-06 
4.300000e-01 1.735631e-06 
4.400000e-01 2.723573e-06 
4.500000e-01 3.928928e-06 
4.600000e-01 5.348665e-06 
4.700000e-01 6.979520e-06 
4.800000e-01 8.818109e-06 
4.900000e-01 1.086100e-05 
5.000000e-01 1.310478e-05 
5.100000e-01 1.554604e-05 
5.200000e-01 1.818143e-05 
5.300000e-01 2.100767e-05 
5.400000e-01 2.402152e-05 
5.500000e-01 2.721982e-05 
5.600000e-01 3.059949e-05 
5.700000e-01 3.415750e-05 
5.800000e-01 3.789088e-05 
5.900000e-01 4.179675e-05 
6.000000e-01 4.587228e-05 
6.100000e-01 5.011472e-05 
6.200000e-01 5.452136e-05 
6.300000e-01 5.908957e-05 
6.400000e-01 6.381676e-05 
6.500000e-01 6.870042e-05 
6.600000e-01 7.373808e-05 
6.700000e-01 7.892732e-05 
6.800000e-01 8.426580e-05 
6.900000e-01 8.975119e-05 
7.000000e-01 9.538125e-05 
7.100000e-01 1.011538e-04 
7.200000e-01 1.070666e-04 
7.300000e-01 1.131176e-04 
7.400000e-01 1.193046e-04 
7.500000e-01 1.256258e-04 
7.600000e-01 1.320790e-04 
7.700000e-01 1.386624e-04 
7.800000e-01 1.453740e-04 
7.900000e-01 1.522120e-04 
8.000000e-01 1.591745e-04 
8.100000e-01 1.662597e-04 
8.200000e-01 1.734659e-04 
8.300000e-01 1.807913e-04 
8.400000e-01 1.882343e-04 
8.500000e-01 1.957932e-04 
8.600000e-01 2.034663e-04 
8.700000e-01 2.112521e-04 
8.800000e-01 2.191490e-04 
8.900000e-01 2.271555e-04 
9.000000e-01 2.352700e-04 
9.100000e-01 2.434911e-04 
9.200000e-01 2.518173e-04 
9.300000e-01 2.602471e-04 
9.400000e-01 2.687793e-04 
9.500000e-01 2.774123e-04 
9.600000e-01 2.861449e-04 
9.700000e-01 2.949757e-04 
9.800000e-01 3.039035e-04 
9.900000e-01 3.129268e-04 
1.000000e+00 3.220446e-04 
1.010000e+00 3.312555e-04 
1.020000e+00 3.405583e-04 
1.030000e+00 3.499518e-04 
1.040000e+00 3.594348e-04 
1.050000e+00 3.690063e-04 
1.060000e+00 3.786650e-04 
1.070000e+00 3.884098e-04 
1.080000e+00 3.982396e-04 
1.090000e+00 4.081534e-04 
1.100000e+00 4.181501e-04 
1.110000e+00 4.282287e-04 
1.120000e+00 4.383880e-04 
1.130000e+00 4.486271e-04 
1.140000e+00 4.589451e-04 
1.150000e+00 4.693408e-04 
1.160000e+00 4.798134e-04 
1.170000e+00 4.903620e-04 
1.180000e+00 5.009854e-04 
1.190000e+00 5.116830e-04 
1.200000e+00 5.224536e-04 
1.210000e+00 5.332966e-04 
1.220000e+00 5.442108e-04 
1.230000e+00 5.551956e-04 
1.240000e+00 5.662501e-04 
1.250000e+00 5.773733e-04 
1.260000e+00 5.885646e-04 
1.270000e+00 5.998230e-04 
1.280000e+00 6.111478e-04 
1.290000e+00 6.225381e-04 
1.300000e+00 6.339933e-04 
1.310000e+00 6.455125e-04 
1.320000e+00 6.570950e-04 
1.330000e+00 6.687400e-04 
1.340000e+00 6.804468e-04 
1.350000e+00 6.922147e-04 
1.360000e+00 7.040429e-04 
1.370000e+00 7.159309e-04 
1.380000e+00 7.278777e-04 
1.390000e+00 7.398829e-04 
1.400000e+00 7.519457e-04 
1.410000e+00 7.640654e-04 
1.420000e+00 7.762414e-04 
1.430000e+00 7.884731e-04 
1.440000e+00 8.007598e-04 
1.450000e+00 8.131009e-04 
1.460000e+00 8.254957e-04 
1.470000e+00 8.379438e-04 
1.480000e+00 8.504443e-04 
1.490000e+00 8.629969e-04 
1.500000e+00 8.756008e-04 
1.510000e+00 8.882555e-04 
1.520000e+00 9.009604e-04 
1.530000e+00 9.137150e-04 
1.540000e+00 9.265188e-04 
1.550000e+00 9.393711e-04 
1.560000e+00 9.522714e-04 
1.570000e+00 9.652192e-04 
1.580000e+00 9.782140e-04 
1.590000e+00 9.912553e-04 
1.600000e+00 1.004342e-03 
1.610000e+00 1.017475e-03 
1.620000e+00 1.030653e-03 
1.630000e+00 1.043875e-03 
1.640000e+00 1.057141e-03 
1.650000e+00 1.070450e-03 
1.660000e+00 1.083803e-03 
1.670000e+00 1.097198e-03 
1.680000e+00 1.110635e-03 
1.690000e+00 1.124114e-03 
1.700000e+00 1.137633e-03 
1.710000e+00 1.151194e-03 
1.720000e+00 1.164795e-03 
1.730000e+00 1.178436e-03 
1.740000e+00 1.192116e-03 
1.750000e+00 1.205835e-03 
1.760000e+00 1.219593e-03 
1.770000e+00 1.233389e-03 
1.780000e+00 1.247223e-03 
1.790000e+00 1.261094e-03 
1.800000e+00 1.275003e-03 
1.810000e+00 1.288948e-03 
1.820000e+00 1.302929e-03 
1.830000e+00 1.316945e-03 
1.840000e+00 1.330998e-03 
1.850000e+00 1.345085e-03 
1.860000e+00 1.359207e-03 
1.870000e+00 1.373364e-03 
1.880000e+00 1.387554e-03 
1.890000e+00 1.401778e-03 
1.900000e+00 1.416036e-03 
1.910000e+00 1.430326e-03 
1.920000e+00 1.444649e-03 
1.930000e+00 1.459004e-03 
1.940000e+00 1.473391e-03 
1.950000e+00 1.487810e-03 
1.960000e+00 1.502260e-03 
1.970000e+00 1.516741e-03 
1.980000e+00 1.531253e-03 
1.990000e+00 1.545795e-03 
2.000000e+00 1.560367e-03 
2.010000e+00 1.574968e-03 
2.020000e+00 1.589599e-03 
2.030000e+00 1.604259e-03 
2.040000e+00 1.618948e-03 
2.050000e+00 1.633666e-03 
2.060000e+00 1.648411e-03 
2.070000e+00 1.663185e-03 
2.080000e+00 1.677986e-03 
2.090000e+00 1.692815e-03 
2.100000e+00 1.707671e-03 
2.110000e+00 1.722553e-03 
2.120000e+00 1.737462e-03 
2.130000e+00 1.752398e-03 
2.140000e+00 1.767359e-03 
2.150000e+00 1.782346e-03 
2.160000e+00 1.797359e-03 
2.170000e+00 1.812397e-03 
2.180000e+00 1.827459e-03 
2.190000e+00 1.842547e-03 
2.200000e+00 1.857659e-03 
2.210000e+00 1.872795e-03 
2.220000e+00 1.887956e-03 
2.230000e+00 1.903140e-03 
2.240000e+00 1.918348e-03 
2.250000e+00 1.933578e-03 
2.260000e+00 1.948832e-03 
2.270000e+00 1.964109e-03 
2.280000e+00 1.979409e-03 
2.290000e+00 1.994731e-03 
2.300000e+00 2.010075e-03 
2.310000e+00 2.025441e-03 
2.320000e+00 2.040828e-03 
2.330000e+00 2.056237e-03 
2.340000e+00 2.071668e-03 
2.350000e+00 2.087120e-03 
2.360000e+00 2.102592e-03 
2.370000e+00 2.118085e-03 
2.380000e+00 2.133599e-03 
2.390000e+00 2.149133e-03 
2.400000e+00 2.164687e-03 
2.410000e+00 2.180261e-03 
2.420000e+00 2.195854e-03 
2.430000e+00 2.211468e-03 
2.440000e+00 2.227100e-03 
2.450000e+00 2.242752e-03 
2.460000e+00 2.258422e-03 
2.470000e+00 2.274111e-03 
2.480000e+00 2.289819e-03 
2.490000e+00 2.305545e-03 
2.500000e+00 2.321290e-03 
2.510000e+00 2.337052e-03 
2.520000e+00 2.352832e-03 
2.530000e+00 2.368630e-03 
2.540000e+00 2.384446e-03 
2.550000e+00 2.400278e-03 
2.560000e+00 2.416128e-03 
2.570000e+00 2.431995e-03 
2.580000e+00 2.447879e-03 
2.590000e+00 2.463780e-03 
2.600000e+00 2.479697e-03 
2.610000e+00 2.495630e-03 
2.620000e+00 2.511579e-03 
2.630000e+00 2.527545e-03 
2.640000e+00 2.543526e-03 
2.650000e+00 2.559524e-03 
2.660000e+00 2.575536e-03 
2.670000e+00 2.591565e-03 
2.680000e+00 2.607608e-03 
2.690000e+00 2.623667e-03 
2.700000e+00 2.639740e-03 
2.710000e+00 2.655829e-03 
2.720000e+00 2.671932e-03 
2.730000e+00 2.688050e-03 
2.740000e+00 2.704182e-03 
2.750000e+00 2.720328e-03 
2.760000e+00 2.736489e-03 
2.770000e+00 2.752664e-03 
2.780000e+00 2.768852e-03 
2.790000e+00 2.785054e-03 
2.800000e+00 2.801270e-03 
2.810000e+00 2.817499e-03 
2.820000e+00 2.833742e-03 
2.830000e+00 2.849998e-03 
2.840000e+00 2.866267e-03 
2.850000e+00 2.882548e-03 
2.860000e+00 2.898843e-03 
2.870000e+00 2.915151e-03 
2.880000e+00 2.931471e-03 
2.890000e+00 2.947803e-03 
2.900000e+00 2.964148e-03 
2.910000e+00 2.980505e-03 
2.920000e+00 2.996874e-03 
2.930000e+00 3.013255e-03 
2.940000e+00 3.029648e-03 
2.950000e+00 3.046053e-03 
2.960000e+00 3.062469e-03 
2.970000e+00 3.078897e-03 
2.980000e+00 3.095337e-03 
2.990000e+00 3.111788e-03 
3.000000e+00 3.128249e-03 
